# Created by Octave 3.2.3, Fri Jul 15 13:54:15 2011 CEST <alice@FLUID50>
# name: coord
# type: matrix
# rows: 113
# columns: 4
 0.0003894080996884735 -0.2761341222879672 0.001557632398753894 -0.512820512820511
 0.002725856697819315 -0.7100591715976314 0.003894080996884735 -0.9072978303747519
 0.005062305295950155 -1.143984220907299 0.005841121495327103 -1.301775147928993
 0.007009345794392523 -1.499013806706113 0.008177570093457943 -1.735700197238657
 0.009345794392523364 -1.893491124260354 0.009735202492211837 -2.011834319526628
 0.01090342679127726 -2.209072978303748 0.01129283489096573 -2.327416173570018
 0.01246105919003115 -2.524654832347139 0.0132398753894081 -2.603550295857989
 0.01440809968847352 -2.800788954635109 0.01557632398753894 -2.958579881656803
 0.01635514018691589 -3.155818540433923 0.01752336448598131 -3.353057199211044
 0.01869158878504673 -3.510848126232741 0.01985981308411215 -3.708086785009861
 0.02102803738317757 -3.865877712031558 0.02180685358255452 -4.023668639053254
 0.02297507788161994 -4.181459566074951 0.02414330218068536 -4.378698224852071
 0.0249221183800623 -4.497041420118343 0.02609034267912773 -4.694280078895464
 0.02686915887850467 -4.812623274161735 0.02803738317757009 -4.970414201183432
 0.02881619937694704 -5.088757396449704 0.02959501557632399 -5.2465483234714
 0.03076323987538941 -5.404339250493097 0.03193146417445483 -5.562130177514792
 0.03309968847352025 -5.719921104536489 0.03426791277258567 -5.956607495069033
 0.03582554517133956 -6.11439842209073 0.03699376947040498 -6.272189349112425
 0.0381619937694704 -6.469428007889546 0.0397196261682243 -6.627218934911243
 0.04088785046728972 -6.824457593688363 0.04244548286604361 -7.021696252465484
 0.04400311526479751 -7.179487179487179 0.04517133956386293 -7.416173570019724
 0.04711838006230529 -7.495069033530571 0.04750778816199377 -7.731755424063117
 0.04984423676012461 -7.810650887573965 0.05023364485981308 -8.007889546351084
 0.05257009345794392 -8.086785009861932 0.05179127725856698 -8.205128205128204
 0.05607476635514019 -8.402366863905325 0.05373831775700934 -8.402366863905325
 0.05919003115264797 -8.717948717948717 0.05607476635514019 -8.63905325443787
 0.06269470404984423 -9.03353057199211 0.05802180685358255 -8.796844181459566
 0.06580996884735202 -9.23076923076923 0.05996884735202492 -8.994082840236686
 0.06892523364485981 -9.506903353057199 0.06191588785046729 -9.151873767258383
 0.07165109034267912 -9.704142011834319 0.06386292834890965 -9.349112426035504
 0.07437694704049844 -9.90138067061144 0.06658878504672897 -9.546351084812624
 0.07749221183800623 -10.13806706114398 0.06814641744548286 -9.664694280078896
 0.08099688473520249 -10.3353057199211 0.06853582554517133 -9.664694280078896
 0.0852803738317757 -10.61143984220907 0.07126168224299065 -9.90138067061144
 0.08956386292834891 -10.88757396449704 0.07359813084112149 -10.01972386587771
 0.09228971962616822 -11.16370808678501 0.07593457943925233 -10.13806706114398
 0.09501557632398754 -11.40039447731755 0.07982866043613707 -10.3353057199211
 0.09813084112149532 -11.59763313609468 0.08333333333333333 -10.45364891518738
 0.1008566978193146 -11.91321499013807 0.08722741433021806 -10.61143984220907
 0.1031931464174455 -12.14990138067061 0.0911214953271028 -10.72978303747534
 0.1059190031152648 -12.50493096646943 0.09462616822429906 -10.84812623274162
 0.1082554517133956 -12.82051282051282 0.0985202492211838 -11.00591715976331
 0.1105919003115265 -13.17554240631164 0.102803738317757 -11.08481262327416
 0.1133177570093458 -13.53057199211045 0.1066978193146417 -11.20315581854043
 0.1152647975077882 -13.88560157790927 0.1105919003115265 -11.28205128205128
 0.1172118380062305 -14.28007889546351 0.1144859813084112 -11.36094674556213
 0.1191588785046729 -14.63510848126233 0.1183800623052959 -11.43984220907298
 0.1214953271028037 -15.06903353057199 0.1218847352024922 -11.51873767258383
 0.1234423676012461 -15.38461538461539 0.1257788161993769 -11.59763313609468
 0.1253894080996885 -15.77909270216962 0.1281152647975078 -11.67652859960552
 0.1273364485981308 -16.09467455621302 0.1320093457943925 -11.75542406311637
 0.1296728971962617 -16.44970414201184 0.1366822429906542 -11.87376725838264
 0.131619937694704 -16.7258382642998 0.1401869158878505 -11.95266272189349
 0.1335669781931464 -17.0414201183432 0.1433021806853582 -12.07100591715976
 0.1359034267912773 -17.31755424063116 0.146417445482866 -12.14990138067061
 0.1382398753894081 -17.59368836291913 0.1495327102803738 -12.26824457593688
 0.1425233644859813 -17.83037475345168 0.1530373831775701 -12.42603550295858
 0.1460280373831776 -18.0276134122288 0.1561526479750779 -12.58382642998028
 0.1491433021806854 -18.10650887573965 0.1584890965732087 -12.70216962524655
 0.1522585669781931 -18.14595660749507 0.1588785046728972 -12.97830374753452
 0.1557632398753894 -18.14595660749507 0.1592679127725857 -13.21499013806706
 0.1580996884735202 -18.06706114398422 0.1596573208722741 -13.6094674556213
 0.1584890965732087 -17.75147928994083 0.1600467289719626 -13.92504930966469
 0.1592679127725857 -17.23865877712031 0.1604361370716511 -14.16173570019724
 0.1592679127725857 -17.51479289940828 0.1604361370716511 -14.43786982248521
 0.1600467289719626 -16.56804733727811 0.1604361370716511 -14.7534516765286
 0.1600467289719626 -16.92307692307692 0.161214953271028 -14.9112426035503
 0.1604361370716511 -15.93688362919132 0.1627725856697819 -15.02958579881657
 0.1608255451713396 -16.29191321499014 0.1631619937694704 -15.02958579881657
 0.1623831775700935 -15.77909270216962 0.1635514018691589 -15.18737672583826
 0.1635514018691589 -15.54240631163708 0.1647196261682243 -15.38461538461539
 0.1654984423676013 -15.50295857988166 0.1666666666666667 -15.30571992110454
 0.1678348909657321 -15.54240631163708 0.169392523364486 -15.22682445759369
 0.1701713395638629 -15.62130177514793 0.1721183800623053 -15.22682445759369
 0.1736760124610592 -15.70019723865878 0.1744548286604361 -15.18737672583826
 0.17601246105919 -15.70019723865878 0.1775700934579439 -15.14792899408284
 0.1783489096573209 -15.70019723865878 0.1799065420560748 -15.10848126232742
 0.1814641744548287 -15.77909270216962 0.183411214953271 -15.10848126232742
 0.183411214953271 -15.81854043392505 0.1873052959501558 -15.06903353057199
 0.1865264797507788 -15.93688362919132 0.1911993769470405 -14.95069033530572
 0.1904205607476636 -16.09467455621302 0.1931464174454829 -14.83234714003945
 0.1935358255451713 -16.17357001972386 0.1954828660436137 -14.7534516765286
 0.1962616822429906 -16.25246548323472 0.1974299065420561 -14.5956607495069
 0.1997663551401869 -16.29191321499014 0.1993769470404984 -14.47731755424063
 0.2017133956386293 -16.25246548323472 0.2005451713395638 -14.28007889546351
 0.2040498442367601 -16.17357001972386 0.2024922118380062 -14.08284023668639
 0.2067757009345794 -16.13412228796844 0.2024922118380062 -14.12228796844181
 0.2087227414330218 -16.05522682445759 0.2040498442367601 -13.84615384615385
 0.2114485981308411 -15.93688362919132 0.2059968847352025 -13.64891518737673
 0.2137850467289719 -15.81854043392505 0.2071651090342679 -13.41222879684418
 0.2165109034267913 -15.70019723865878 0.2091121495327103 -13.17554240631164
 0.2176791277258567 -15.5818540433925 0.2098909657320872 -12.93885601577909
 0.2200155763239875 -15.34516765285996 0.2114485981308411 -12.74161735700197
 0.2219626168224299 -15.14792899408284 0.2126168224299065 -12.50493096646943
 0.2231308411214953 -14.95069033530572 0.2137850467289719 -12.22879684418146
 0.2254672897196262 -14.67455621301775 0.2153426791277258 -11.91321499013807
 0.227803738317757 -14.35897435897436 0.2172897196261682 -11.6370808678501
 0.2297507788161994 -14.08284023668639 0.2188473520249221 -11.28205128205128
 0.2316978193146417 -13.767258382643 0.2200155763239875 -11.00591715976331
 0.2332554517133956 -13.49112426035503 0.2215732087227414 -10.69033530571992
 0.2355919003115265 -13.21499013806706 0.2231308411214953 -10.3353057199211
