# Created by Octave 3.2.3, Fri Jul 15 15:25:22 2011 CEST <alice@alice-desktop>
# name: coord
# type: matrix
# rows: 35
# columns: 4
 0.0007668711656441718 4.994152046783626 0.0007668711656441718 4.502923976608187
 0.008819018404907975 4.982456140350877 0.009585889570552147 4.479532163742689
 0.01878834355828221 4.95906432748538 0.01687116564417178 4.456140350877193
 0.02799079754601227 4.923976608187134 0.02377300613496933 4.432748538011696
 0.03489263803680982 4.87719298245614 0.03029141104294479 4.409356725146199
 0.04064417177914111 4.830409356725146 0.03680981595092025 4.362573099415204
 0.04716257668711656 4.7953216374269 0.04447852760736196 4.315789473684211
 0.05483128834355828 4.736842105263158 0.05138036809815951 4.257309941520468
 0.06096625766871166 4.678362573099415 0.05789877300613497 4.198830409356725
 0.06940184049079755 4.608187134502923 0.06403374233128835 4.140350877192982
 0.0789877300613497 4.502923976608187 0.0709355828220859 4.081871345029239
 0.08857361963190184 4.39766081871345 0.07745398773006135 4.011695906432748
 0.09470858895705522 4.327485380116959 0.08588957055214724 3.91812865497076
 0.1023773006134969 4.23391812865497 0.09279141104294479 3.83625730994152
 0.1108128834355828 4.128654970760234 0.09930981595092024 3.766081871345029
 0.1165644171779141 4.046783625730994 0.1058282208588957 3.695906432748538
 0.1219325153374233 3.964912280701754 0.111579754601227 3.625730994152047
 0.1273006134969325 3.883040935672514 0.1184815950920245 3.555555555555555
 0.1345858895705521 3.766081871345029 0.1253834355828221 3.473684210526315
 0.1418711656441718 3.637426900584795 0.1334355828220859 3.380116959064327
 0.1491564417177914 3.497076023391813 0.1403374233128834 3.298245614035087
 0.156058282208589 3.380116959064327 0.147239263803681 3.204678362573099
 0.1625766871165644 3.263157894736842 0.1549079754601227 3.111111111111111
 0.1706288343558282 3.134502923976608 0.1614263803680982 3.029239766081871
 0.1779141104294479 3.029239766081871 0.1679447852760736 2.923976608187134
 0.1855828220858896 2.912280701754386 0.1748466257668712 2.830409356725146
 0.1924846625766871 2.807017543859649 0.1825153374233129 2.701754385964912
 0.1997699386503068 2.690058479532164 0.192101226993865 2.573099415204678
 0.2070552147239264 2.56140350877193 0.2001533742331288 2.456140350877193
 0.2151073619631902 2.432748538011696 0.2070552147239264 2.350877192982456
 0.2223926380368098 2.315789473684211 0.2177914110429448 2.210526315789473
 0.2289110429447853 2.210526315789473 0.2269938650306748 2.116959064327485
 0.2373466257668712 2.105263157894737 0.236579754601227 2.035087719298246
 0.2434815950920245 2.023391812865497 0.2427147239263804 1.976608187134503
 0.2492331288343558 1.953216374269006 0.2496165644171779 1.953216374269006
# name: L1
# type: scalar
3
# name: dataLen
# type: matrix
# rows: 3
# columns: 1
 35
 35
 0
